
14.1
[41.7, 13.6, 7.6, 16.7]
16.2
[25.0, 6.2, 9.4, 14.1]
12.8
[28.6, 4.8, 7.9, 11.1]
10.8
[28.6, 7.9, 6.3, 12.7]
12.5
[26.6, 7.8, 4.7, 10.9]
12.6
[25.0, 4.7, 1.6, 15.6]
11.2
[28.6, 9.5, 1.6, 15.9]
11.7
[20.3, 3.1, 7.8, 7.8]
10.5
[20.6, 7.9, 1.6, 11.1]
12.1
[32.8, 7.8, 9.4, 7.8]
12.1
[34.9, 15.9, 6.3, 17.5]
12.5
[31.7, 6.2, 10.9, 12.5]
13.2
[27.0, 12.7, 3.2, 14.3]
12.2
[19.4, 4.5, 4.5, 13.6]

11.2
[38.5, 16.9, 3.1, 15.4]
12.2
[25.4, 3.1, 6.2, 14.1]
14.1
[25.4, 7.2, 4.6, 11.6]
12.9
[29.7, 12.5, 1.6, 9.4]
11.1
[27.4, 4.7, 9.4, 10.9]
15.9
[26.6, 7.8, 1.6, 6.2]
13.4
[29.2, 11.6, 6.9, 8.3]
12.9
[21.5, 4.6, 4.6, 9.2]
12.7
[22.6, 7.8, 4.7, 14.1]
12.8
[29.0, 6.2, 9.4, 14.1]
11.8
[23.4, 10.9, 7.8, 10.9]
12.0
[24.2, 6.9, 6.1, 13.8]
14.5
[29.7, 3.1, 3.1, 10.9]
13.1
[26.2, 12.1, 9.2, 7.7]

7.1
[38.8, 18.8, 6.2, 21.9]
9.8
[26.9, 7.5, 7.5, 13.4]
14.6
[26.2, 7.7, 3.1, 12.3]
13.5
[27.0, 9.4, 9.4, 12.5]
12.9
[19.7, 6.2, 3.1, 9.4]
15.2
[23.8, 9.4, 4.7, 9.4]
10.3
[28.6, 7.9, 7.9, 22.2]
12.1
[24.2, 4.5, 4.5, 12.1]
15.6
[23.9, 9.0, 6.0, 11.9]
13.2
[25.4, 10.9, 4.7, 11.1]
11.5
[31.2, 6.2, 7.2, 12.9]
11.5
[23.4, 9.4, 3.1, 4.7]
14.8
[25.0, 7.8, 6.2, 6.2]
12.1
[29.7, 7.8, 6.2, 17.2]

4.4
[53.1, 17.2, 7.8, 21.9]
13.7
[25.4, 9.5, 3.2, 9.5]
12.0
[24.6, 10.9, 2.9, 2.9]
14.0
[23.5, 6.6, 4.4, 11.8]
15.1
[26.2, 12.1, 4.5, 12.1]
12.9
[28.1, 6.3, 7.9, 9.9]
8.9
[25.0, 12.1, 1.6, 12.5]
10.5
[23.2, 9.3, 6.0, 9.0]
12.2
[28.1, 3.0, 7.7, 15.4]
11.7
[28.4, 9.0, 5.7, 13.4]
11.5
[25.8, 12.1, 4.7, 7.8]
12.4
[31.2, 6.2, 1.6, 12.5]
13.7
[26.6, 9.4, 3.1, 4.7]
9.4
[25.0, 4.8, 4.8, 6.3]

6.4
[40.0, 15.4, 10.8, 21.5]
10.4
[28.1, 17.2, 1.6, 14.1]
14.3
[25.9, 10.3, 4.4, 7.4]
16.1
[24.2, 4.5, 4.5, 6.1]
15.0
[22.2, 5.5, 9.4, 8.3]
13.9
[26.6, 7.8, 9.4, 10.9]
11.2
[26.7, 6.2, 1.5, 7.7]
12.1
[22.2, 3.2, 7.9, 15.9]
12.2
[20.0, 7.5, 6.3, 7.9]
12.8
[23.8, 11.6, 3.0, 3.0]
14.8
[26.6, 6.2, 6.2, 12.5]
10.2
[24.6, 6.2, 6.3, 12.7]
11.3
[27.7, 13.8, 4.6, 12.3]
12.3
[25.7, 9.6, 4.4, 8.3]
