
20.5
[29.7, 7.8, 6.2, 12.5]
13.1
[29.2, 12.5, 3.1, 17.2]
14.7
[25.8, 17.5, 6.1, 9.5]
14.9
[27.7, 10.9, 3.1, 15.6]
9.8
[32.1, 9.4, 1.6, 14.1]
14.4
[34.4, 10.4, 7.8, 18.8]
14.0
[29.7, 7.8, 9.4, 17.2]
14.6
[20.9, 9.4, 4.3, 4.5]
15.2
[29.7, 10.9, 4.7, 14.1]
15.6
[33.8, 4.7, 6.2, 15.6]
14.8
[33.8, 12.5, 7.8, 12.3]
14.7
[25.8, 4.5, 6.1, 12.7]
15.1
[32.8, 12.5, 3.1, 10.9]
12.5
[29.9, 7.5, 7.8, 10.9]
14.9
[27.7, 9.4, 7.8, 9.4]
12.9
[21.9, 10.9, 7.8, 10.9]
10.3
[25.0, 10.3, 2.9, 5.9]
11.2
[29.7, 5.9, 9.4, 7.4]
13.1
[29.7, 12.5, 9.4, 17.2]
12.9
[12.3, 7.7, 6.2, 7.5]

8.5
[54.0, 17.6, 6.2, 25.0]
14.6
[30.2, 17.2, 3.1, 12.5]
13.6
[28.1, 6.2, 9.4, 14.3]
13.2
[30.2, 10.9, 4.7, 12.5]
17.0
[25.0, 10.0, 3.0, 6.1]
11.6
[15.9, 5.8, 3.0, 7.5]
15.3
[26.1, 9.1, 1.3, 15.4]
10.1
[23.1, 8.6, 3.7, 8.5]
14.0
[21.9, 7.5, 3.1, 9.8]
12.0
[23.4, 10.9, 1.6, 14.1]
13.9
[24.6, 12.5, 7.8, 10.9]
13.7
[28.1, 4.7, 4.7, 14.1]
13.1
[23.4, 4.7, 4.7, 6.2]
16.5
[23.9, 6.1, 3.0, 7.6]
17.8
[26.5, 6.2, 4.7, 14.1]
10.9
[29.7, 10.9, 9.4, 7.8]
11.6
[27.7, 9.0, 7.7, 9.2]
14.8
[28.1, 6.2, 9.4, 12.5]
15.2
[25.0, 9.4, 3.1, 10.9]
10.8
[30.6, 6.3, 3.2, 11.1]
9.7
[30.3, 12.1, 3.0, 19.7]

27.7
[23.8, 7.8, 4.7, 9.4]
11.1
[25.8, 12.1, 3.0, 15.2]
15.4
[26.5, 10.3, 3.0, 10.8]
11.5
[31.2, 6.2, 4.7, 20.3]
14.8
[30.2, 3.1, 4.7, 18.8]
13.6
[25.8, 9.4, 3.1, 10.9]
16.8
[31.7, 9.4, 3.1, 23.4]
12.6
[23.8, 6.2, 4.7, 10.9]
11.5
[26.6, 7.8, 9.4, 10.9]
11.3
[27.3, 4.5, 3.0, 11.1]
11.5
[29.0, 7.4, 0.0, 9.4]
14.1
[24.2, 6.3, 4.6, 9.2]
13.6
[24.2, 10.6, 7.6, 6.1]
12.1
[30.3, 9.1, 7.6, 13.6]
12.1
[26.6, 7.8, 1.6, 7.8]
13.7
[28.6, 10.9, 7.8, 7.8]
15.3
[28.1, 10.9, 4.7, 13.6]
13.1
[26.2, 6.2, 6.2, 12.5]
13.7
[25.4, 6.3, 6.3, 6.3]
14.8
[29.7, 4.7, 1.6, 9.4]
12.3
[12.3, 6.2, 3.1, 8.3]

25.5
[23.5, 3.1, 5.9, 19.1]
11.7
[26.2, 7.7, 1.5, 7.7]
11.7
[25.5, 10.3, 5.1, 16.3]
11.1
[26.6, 11.9, 7.8, 9.4]
13.8
[22.7, 12.3, 5.5, 10.1]
16.0
[25.0, 6.2, 2.8, 12.3]
17.6
[27.3, 12.1, 7.6, 15.2]
12.3
[20.9, 13.2, 4.4, 11.8]
13.7
[28.4, 10.9, 5.6, 12.7]
9.5
[25.0, 3.1, 10.9, 15.6]
14.9
[30.6, 10.9, 6.2, 18.8]
13.5
[24.6, 12.7, 7.9, 11.6]
12.3
[20.9, 7.5, 7.5, 10.4]
14.6
[30.2, 12.5, 4.7, 20.3]
14.4
[24.2, 7.9, 9.5, 19.0]
13.4
[26.1, 11.9, 7.8, 10.9]
14.2
[25.4, 7.9, 0.0, 11.1]
14.7
[24.2, 9.1, 1.5, 9.1]
13.7
[24.6, 4.4, 9.5, 9.2]
12.2
[23.1, 13.8, 9.2, 9.2]

10.9
[23.8, 6.3, 4.8, 9.5]
13.1
[25.4, 6.3, 1.6, 9.5]
13.4
[27.3, 7.6, 4.5, 12.1]
13.7
[23.4, 9.4, 3.1, 15.6]
14.5
[28.4, 1.5, 6.0, 9.0]
16.5
[27.0, 15.9, 3.2, 6.3]
12.3
[25.0, 9.4, 3.1, 17.2]
11.0
[28.8, 8.7, 10.6, 10.0]
14.7
[23.5, 9.0, 6.0, 10.9]
12.9
[27.0, 4.8, 3.2, 17.5]
11.7
[29.7, 6.2, 3.1, 14.1]
10.5
[32.3, 7.9, 4.8, 12.7]
11.6
[25.0, 7.5, 7.8, 10.9]
14.3
[27.4, 9.2, 9.2, 9.2]
17.7
[25.4, 12.7, 6.3, 17.5]
13.3
[24.2, 6.1, 1.5, 13.6]
16.2
[28.6, 9.5, 9.5, 14.3]
12.3
[23.4, 6.2, 9.4, 12.5]
13.3
[28.1, 10.9, 6.2, 6.2]
12.3
[28.1, 7.8, 0.0, 7.8]
