
12.3
[31.2, 10.9, 7.8, 9.4]
12.9
[27.0, 9.4, 6.2, 12.5]
12.9
[28.1, 6.3, 4.8, 14.3]
17.6
[29.8, 5.9, 4.4, 10.3]
15.6
[32.8, 9.4, 3.1, 17.2]
19.6
[3.1, 0.0, 0.0, 0.0]

7.9
[46.9, 15.6, 7.8, 23.9]
16.4
[30.3, 9.1, 4.5, 9.1]
14.5
[29.7, 14.1, 6.2, 14.1]
16.9
[35.9, 15.9, 7.9, 9.5]
18.8
[32.3, 9.4, 9.4, 12.5]
11.2
[31.3, 10.4, 7.5, 16.4]

23.0
[27.0, 4.8, 4.8, 14.3]
16.4
[32.3, 12.3, 4.6, 15.4]
13.6
[34.9, 9.4, 14.1, 15.6]
15.6
[31.2, 7.9, 3.2, 15.9]
13.7
[29.7, 10.9, 6.2, 14.1]
15.2
[22.1, 9.2, 5.9, 17.2]

5.4
[10.3, 4.2, 4.7, 1.6]
13.3
[26.5, 8.2, 4.9, 8.8]
16.2
[28.6, 6.3, 11.1, 20.6]
17.2
[32.3, 4.6, 4.6, 13.8]
15.8
[26.9, 6.0, 6.2, 10.8]
19.4
[28.1, 10.9, 6.2, 20.3]
17.1
[10.8, 4.4, 1.6, 5.0]

22.2
[30.6, 7.9, 6.3, 14.3]
14.6
[28.6, 6.3, 4.8, 6.3]
14.6
[34.9, 7.9, 9.5, 17.5]
12.1
[23.4, 6.2, 4.7, 12.5]
19.1
[31.7, 7.9, 6.3, 11.1]
13.9
[31.2, 7.8, 4.7, 12.5]
