
19.2
[32.3, 15.4, 0.0, 0.0]
10.2
[25.0, 0.0, 3.1, 21.9]
8.7
[22.7, 10.6, 1.5, 1.5]
9.0
[26.6, 12.1, 1.6, 0.0]
7.9
[30.2, 0.0, 0.0, 20.0]
8.1
[21.4, 13.0, 0.0, 1.7]
9.1
[24.6, 8.8, 1.5, 3.1]
10.4
[18.5, 9.2, 0.0, 0.0]
9.6
[24.6, 7.7, 0.0, 9.4]
10.6
[28.1, 21.9, 3.1, 0.0]
9.8
[25.8, 10.6, 1.5, 6.1]
10.7
[24.2, 13.3, 3.1, 1.5]
11.0
[23.0, 5.6, 0.0, 8.8]
10.7
[24.2, 0.0, 0.0, 21.5]
6.8
[26.1, 4.5, 0.0, 12.5]
10.0
[23.9, 8.8, 0.0, 8.8]
9.1
[21.9, 2.9, 0.0, 7.8]
8.9
[22.4, 5.9, 2.9, 4.5]
10.2
[19.7, 10.3, 1.5, 0.0]
9.9
[21.9, 9.9, 1.6, 1.9]
8.7
[21.5, 12.5, 3.1, 0.0]
9.2
[22.7, 5.5, 1.5, 3.0]
8.6
[22.6, 13.4, 0.0, 7.5]
11.9
[26.6, 7.8, 0.0, 3.1]
10.1
[23.4, 3.1, 0.0, 8.2]
10.0
[32.8, 3.1, 0.0, 12.5]

6.6
[43.3, 26.9, 3.1, 0.0]
9.7
[29.7, 6.2, 0.0, 9.4]
11.2
[21.0, 0.0, 0.0, 11.1]
11.7
[24.6, 14.5, 0.0, 0.0]
11.6
[20.3, 1.6, 0.0, 14.1]
10.4
[24.6, 9.1, 1.5, 0.0]
10.7
[26.9, 9.1, 0.0, 4.5]
8.3
[26.6, 6.2, 0.0, 4.7]
8.2
[21.5, 9.4, 0.0, 4.8]
10.2
[23.4, 15.6, 0.0, 3.1]
11.0
[27.0, 3.1, 1.6, 14.1]
11.7
[26.6, 0.0, 0.0, 9.4]
9.1
[26.5, 5.9, 1.5, 13.2]
14.3
[27.3, 2.9, 0.0, 10.6]
8.8
[24.2, 9.1, 0.0, 9.1]
10.6
[23.1, 6.2, 0.0, 1.6]
9.7
[20.6, 12.7, 1.6, 0.0]
11.1
[21.9, 12.3, 0.0, 0.0]
8.7
[23.7, 7.5, 1.5, 0.0]
10.1
[19.4, 10.5, 0.0, 1.6]
9.2
[29.9, 0.0, 1.5, 17.9]
8.5
[21.9, 12.5, 1.6, 1.6]
10.8
[25.0, 4.7, 0.0, 9.6]
8.3
[26.2, 6.2, 1.5, 7.7]
10.0
[25.0, 3.2, 0.0, 6.8]
9.5
[25.8, 15.2, 0.0, 1.5]

7.9
[27.3, 15.2, 1.4, 3.0]
10.0
[27.4, 4.8, 0.0, 14.3]
9.2
[31.2, 0.0, 0.0, 23.4]
11.5
[23.1, 9.2, 1.5, 0.0]
10.3
[27.0, 6.3, 1.6, 3.1]
10.1
[25.0, 9.4, 0.0, 2.9]
8.6
[26.6, 3.1, 0.0, 13.0]
10.8
[20.9, 6.2, 1.5, 4.5]
10.9
[20.0, 6.6, 0.0, 4.6]
10.5
[27.9, 0.0, 0.0, 16.9]
9.0
[29.7, 14.1, 0.0, 4.7]
9.4
[26.2, 1.5, 0.0, 20.8]
10.0
[26.6, 12.5, 3.1, 0.0]
7.6
[30.8, 4.9, 0.0, 7.7]
12.4
[25.8, 9.4, 0.0, 1.6]
6.7
[27.7, 9.2, 0.0, 4.6]
7.8
[25.0, 9.4, 0.0, 0.0]
10.0
[21.9, 1.9, 0.0, 6.2]
11.2
[23.1, 9.2, 0.0, 0.0]
11.1
[28.4, 6.2, 0.0, 4.6]
10.7
[25.0, 10.9, 0.0, 1.6]
8.3
[32.8, 5.3, 0.0, 12.5]
9.4
[23.9, 1.5, 1.5, 13.4]
10.5
[21.5, 12.5, 1.5, 0.0]
10.3
[27.7, 0.0, 1.5, 20.9]
11.2
[20.0, 5.9, 0.0, 5.9]

4.0
[43.8, 34.4, 0.0, 0.0]
10.0
[23.4, 12.3, 0.0, 0.0]
8.8
[22.7, 4.8, 0.0, 9.1]
11.2
[16.7, 0.0, 0.0, 4.5]
7.0
[27.7, 0.0, 0.0, 18.5]
8.3
[25.4, 0.0, 1.5, 17.9]
9.9
[21.1, 4.5, 1.5, 7.5]
12.5
[28.6, 0.0, 0.0, 14.7]
9.8
[25.0, 10.9, 1.6, 6.2]
8.7
[24.2, 10.6, 1.5, 1.5]
12.2
[24.1, 0.0, 0.0, 10.6]
8.1
[28.1, 7.5, 1.5, 10.4]
11.2
[23.4, 3.1, 3.1, 12.5]
11.5
[23.8, 6.3, 0.0, 4.8]
8.6
[22.6, 3.1, 0.0, 4.7]
9.5
[25.0, 5.8, 1.6, 5.9]
9.8
[25.4, 9.2, 0.0, 3.1]
11.7
[28.6, 9.4, 0.0, 5.2]
9.2
[26.2, 15.4, 1.5, 0.0]
9.5
[23.4, 1.6, 1.6, 11.3]
12.7
[24.6, 6.2, 4.6, 6.2]
11.3
[29.2, 12.3, 4.6, 5.2]
9.7
[21.9, 9.4, 0.0, 4.8]
9.8
[24.6, 6.3, 0.0, 0.0]
11.0
[22.7, 15.6, 0.0, 0.0]
8.1
[21.9, 3.3, 1.6, 7.8]
10.2
[26.2, 7.7, 0.0, 12.3]

18.2
[25.4, 0.0, 0.0, 12.7]
11.7
[27.4, 6.2, 0.0, 9.4]
10.3
[25.8, 0.0, 0.0, 6.8]
10.2
[25.8, 10.8, 3.0, 9.1]
10.3
[26.6, 3.1, 1.6, 7.8]
8.9
[28.6, 6.6, 3.2, 9.1]
9.8
[22.7, 0.0, 0.0, 10.6]
10.9
[18.8, 14.1, 1.5, 0.0]
7.6
[24.2, 4.5, 0.0, 4.5]
9.2
[33.3, 3.8, 1.5, 13.6]
10.8
[28.6, 17.2, 1.6, 2.4]
9.4
[27.3, 4.5, 0.0, 10.6]
10.1
[26.9, 18.0, 1.5, 0.0]
8.1
[25.0, 6.2, 1.6, 14.1]
10.2
[21.9, 7.8, 0.0, 0.0]
10.8
[23.4, 12.5, 1.6, 0.0]
12.9
[21.9, 3.1, 0.0, 9.4]
10.4
[27.0, 4.7, 1.6, 6.2]
11.3
[21.5, 9.2, 0.0, 1.5]
12.5
[26.2, 4.5, 0.0, 3.0]
10.2
[20.0, 0.0, 0.0, 13.1]
9.8
[28.3, 6.2, 1.6, 6.2]
8.6
[26.6, 10.9, 1.6, 1.6]
7.9
[23.9, 10.4, 0.0, 6.0]
12.0
[23.4, 9.4, 0.0, 2.9]
11.2
[26.6, 12.5, 0.0, 6.5]
