
20.3
[29.2, 7.7, 3.1, 16.1]
11.2
[30.2, 13.2, 2.9, 15.4]
13.6
[27.4, 20.6, 1.6, 7.9]
12.3
[31.7, 12.7, 7.9, 15.9]
11.4
[28.1, 12.5, 6.2, 12.5]
11.2
[26.2, 7.8, 4.7, 10.9]
14.8
[31.7, 6.1, 7.6, 10.6]
14.0
[27.3, 4.5, 12.1, 7.6]
14.4
[26.5, 4.2, 8.5, 10.3]
11.5
[26.6, 6.2, 4.7, 9.4]
14.5
[26.6, 9.4, 10.9, 13.4]
8.3
[18.5, 7.7, 1.5, 12.3]
15.4
[27.0, 9.5, 3.2, 12.7]
11.7
[23.9, 4.5, 7.5, 17.9]
12.2
[26.6, 14.3, 4.8, 19.0]
12.1
[26.2, 4.8, 9.0, 17.5]
16.0
[26.6, 6.3, 6.3, 15.9]
13.7
[27.3, 15.2, 4.5, 6.1]
14.7
[25.8, 9.1, 6.1, 15.2]
12.5
[27.0, 11.9, 7.8, 13.4]
10.3
[31.2, 15.6, 4.7, 7.8]
12.9
[24.6, 9.4, 3.1, 10.9]
13.6
[28.1, 7.8, 4.7, 14.1]
12.5
[25.8, 6.1, 4.5, 10.6]
13.9
[26.2, 7.7, 3.1, 9.2]
13.8
[26.9, 7.5, 1.5, 13.4]
11.0
[15.4, 5.1, 1.6, 9.4]

16.1
[33.9, 15.9, 6.3, 15.9]
13.0
[29.7, 7.8, 7.8, 10.9]
13.9
[21.2, 9.0, 4.5, 10.8]
15.8
[26.2, 7.1, 9.7, 15.4]
15.4
[22.1, 8.8, 4.4, 13.2]
3.8
[9.1, 1.6, 1.6, 0.0]
13.4
[27.0, 7.9, 3.2, 12.7]
10.0
[31.2, 9.4, 4.7, 10.9]
13.5
[29.9, 9.5, 7.6, 13.6]
15.6
[26.6, 10.9, 9.4, 7.8]
13.1
[25.4, 17.2, 3.1, 12.5]
15.9
[25.0, 6.6, 7.8, 14.1]
18.8
[24.6, 7.8, 6.2, 7.8]
11.9
[29.7, 7.8, 0.0, 12.5]
13.7
[28.1, 7.9, 6.3, 9.5]
12.1
[26.5, 7.7, 3.1, 13.2]
14.1
[30.2, 11.1, 3.2, 11.1]
14.8
[27.7, 12.1, 9.1, 7.6]
10.3
[30.3, 1.6, 6.1, 15.2]
13.3
[28.6, 10.9, 7.8, 6.2]
15.6
[31.2, 4.7, 7.8, 20.3]
13.1
[26.9, 4.5, 3.0, 9.0]
12.9
[29.5, 13.8, 6.2, 9.2]
12.9
[25.4, 9.5, 6.3, 7.9]
16.0
[25.0, 9.4, 4.7, 9.4]
14.2
[27.7, 19.0, 4.8, 9.5]
14.3
[27.1, 6.1, 6.1, 10.6]

10.5
[25.0, 6.2, 0.0, 10.9]
11.5
[22.7, 12.1, 1.5, 11.5]
14.1
[29.7, 9.4, 9.4, 10.9]
11.3
[27.0, 6.3, 4.8, 19.0]
14.8
[29.2, 15.4, 4.6, 18.5]
13.1
[28.1, 7.8, 7.8, 15.6]
12.9
[24.2, 4.8, 6.5, 6.1]
12.5
[27.7, 9.2, 4.6, 16.9]
16.3
[26.2, 4.7, 10.9, 10.9]
13.3
[25.8, 9.4, 3.1, 14.1]
14.9
[29.7, 10.9, 6.2, 15.6]
15.1
[23.1, 3.1, 10.8, 15.4]
14.9
[25.0, 14.1, 6.2, 12.5]
10.7
[24.6, 0.0, 4.7, 17.2]
14.5
[23.8, 1.6, 7.9, 11.1]
12.5
[22.7, 6.1, 0.0, 10.6]
12.9
[26.6, 6.2, 7.8, 14.1]
12.5
[25.0, 14.1, 1.6, 17.2]
13.5
[27.4, 11.8, 5.9, 10.3]
14.7
[20.3, 4.7, 4.7, 7.8]
18.3
[26.6, 6.2, 7.8, 18.8]
15.2
[28.1, 9.4, 3.1, 15.6]
11.9
[22.7, 4.5, 6.0, 6.0]
15.2
[26.6, 9.4, 6.2, 12.5]
14.7
[23.4, 7.8, 7.8, 9.4]
11.8
[31.7, 9.4, 7.7, 11.8]
5.6
[11.3, 6.2, 4.1, 8.3]

14.1
[28.6, 10.9, 4.8, 19.0]
12.1
[23.8, 4.7, 4.7, 15.6]
8.6
[28.1, 9.4, 10.9, 9.4]
14.7
[31.2, 6.2, 9.4, 14.1]
10.2
[24.2, 10.8, 7.7, 9.4]
12.7
[26.2, 11.1, 4.7, 12.5]
12.7
[29.2, 11.1, 7.7, 9.2]
15.5
[25.4, 9.5, 6.3, 9.5]
15.2
[25.4, 6.1, 4.5, 18.2]
15.2
[27.0, 9.4, 7.8, 12.5]
13.6
[23.8, 6.3, 9.5, 16.7]
10.2
[20.0, 4.7, 1.6, 12.5]
11.7
[31.2, 9.4, 7.8, 18.8]
11.4
[25.4, 9.5, 7.9, 14.3]
12.5
[25.4, 12.5, 0.0, 12.5]
13.6
[26.6, 5.1, 1.6, 15.6]
13.7
[27.7, 10.9, 4.7, 14.1]
11.9
[27.7, 7.7, 7.7, 9.2]
13.6
[26.2, 9.2, 3.2, 12.3]
16.2
[25.0, 7.8, 3.1, 10.9]
12.1
[27.0, 6.3, 0.0, 11.1]
12.2
[23.1, 6.2, 9.4, 10.9]
16.6
[17.9, 5.7, 6.8, 10.4]
14.5
[25.8, 9.1, 10.6, 10.6]
11.9
[25.8, 7.8, 7.6, 15.2]
12.7
[22.4, 9.0, 4.5, 7.5]
12.1
[30.2, 7.8, 4.7, 15.6]

12.5
[33.3, 9.4, 1.6, 10.9]
10.5
[29.0, 7.8, 4.7, 10.9]
14.1
[30.2, 10.9, 10.9, 15.6]
11.3
[30.8, 7.7, 9.2, 12.3]
10.0
[23.8, 9.4, 3.1, 15.6]
14.1
[27.7, 7.9, 7.8, 15.6]
12.0
[27.0, 7.1, 4.8, 17.1]
6.7
[25.4, 11.6, 0.0, 10.9]
5.1
[17.2, 4.7, 4.7, 7.8]
13.7
[20.5, 7.5, 3.0, 7.2]
9.7
[28.6, 11.1, 12.7, 14.3]
15.7
[29.2, 4.7, 6.2, 12.5]
12.9
[27.1, 10.9, 6.2, 10.9]
14.5
[22.7, 4.5, 3.3, 11.5]
13.9
[22.6, 0.0, 4.8, 4.8]
11.8
[28.1, 10.9, 4.7, 10.4]
8.0
[20.3, 6.2, 3.1, 4.7]
10.2
[28.1, 8.8, 10.9, 13.2]
11.7
[21.5, 3.1, 3.1, 9.2]
17.3
[21.9, 4.7, 7.8, 14.1]
14.6
[25.4, 6.0, 4.5, 11.5]
10.8
[29.7, 7.9, 6.3, 9.5]
11.8
[37.1, 3.1, 4.7, 17.2]
11.2
[25.8, 7.6, 6.1, 6.1]
14.5
[30.2, 11.1, 11.1, 19.0]
10.5
[27.3, 6.1, 4.5, 12.1]
12.5
[25.8, 4.3, 2.9, 8.7]
8.0
[13.2, 4.4, 6.2, 5.9]
3.1
[20.6, 1.6, 9.5, 15.9]
10.2
[25.0, 7.4, 7.4, 14.1]
10.9
[10.9, 7.0, 1.6, 3.1]
