
24.6
[26.2, 10.8, 7.7, 16.9]
13.5
[26.6, 7.6, 4.5, 16.7]
15.7
[33.8, 10.9, 4.7, 15.6]
15.6
[28.1, 4.7, 9.4, 18.8]
12.9
[27.9, 18.2, 7.6, 15.2]
16.3
[27.7, 10.9, 3.1, 10.9]
14.1
[33.8, 10.8, 1.5, 16.9]
16.0
[27.9, 12.3, 3.1, 13.6]
14.1
[28.8, 10.9, 7.4, 14.1]
12.8
[31.7, 12.7, 9.5, 17.5]
14.9
[31.2, 4.7, 4.7, 14.1]
16.1
[29.2, 11.1, 4.8, 12.7]
12.1
[24.6, 4.6, 6.2, 10.8]
13.7
[25.0, 10.9, 6.2, 17.2]
14.5
[35.9, 4.7, 9.4, 15.6]
14.3
[34.4, 12.5, 1.6, 14.1]
11.4
[30.9, 10.3, 4.6, 7.7]
13.0
[29.2, 10.8, 1.5, 15.4]
14.3
[26.2, 9.2, 7.7, 13.8]
15.6
[23.8, 7.9, 6.3, 7.9]
12.3
[32.3, 13.2, 4.4, 13.2]
17.4
[30.3, 7.8, 3.0, 10.6]
12.7
[27.9, 9.5, 7.9, 7.9]
12.4
[31.7, 12.7, 7.9, 9.5]
15.6
[26.9, 13.4, 10.4, 13.4]
16.3
[33.3, 12.5, 4.7, 17.2]
10.4
[33.3, 10.6, 7.6, 15.9]
13.7
[28.1, 10.9, 4.7, 12.5]
15.8
[31.8, 6.1, 3.0, 15.2]
14.1
[32.3, 7.7, 4.6, 16.1]
13.1
[21.5, 7.8, 6.2, 14.1]

9.8
[30.5, 9.8, 4.4, 6.0]
13.6
[23.8, 4.7, 6.2, 9.4]
11.7
[28.3, 10.4, 6.0, 12.7]
11.4
[24.2, 6.5, 10.6, 13.6]
15.8
[31.2, 4.7, 3.1, 12.5]
11.9
[27.0, 12.7, 1.6, 14.3]
12.1
[28.1, 9.5, 6.2, 9.5]
13.9
[28.6, 9.5, 4.8, 12.1]
13.2
[32.8, 12.5, 12.5, 15.6]
13.8
[32.8, 14.1, 4.5, 13.4]
10.9
[29.0, 9.4, 4.7, 12.5]
15.0
[26.6, 6.2, 7.8, 10.9]
12.9
[29.7, 10.8, 7.7, 16.9]
16.4
[23.9, 4.5, 3.0, 15.2]
15.3
[26.2, 10.9, 9.4, 17.2]
13.3
[25.0, 6.3, 6.3, 12.7]
12.5
[25.0, 10.9, 3.1, 9.4]
10.4
[29.0, 9.4, 4.7, 18.8]
14.5
[30.2, 7.8, 4.7, 12.5]
14.2
[26.6, 6.2, 4.7, 10.9]
14.5
[28.6, 14.3, 4.8, 11.1]
12.1
[28.8, 10.6, 5.9, 11.8]
13.5
[32.8, 12.5, 3.1, 18.8]
12.5
[24.6, 7.9, 10.9, 12.5]
12.5
[24.3, 10.9, 4.5, 9.2]
13.1
[26.6, 6.2, 3.1, 9.4]
12.7
[26.2, 11.6, 3.1, 12.3]
13.7
[23.4, 14.1, 6.2, 10.9]
13.5
[28.6, 14.1, 3.1, 9.4]
10.6
[23.1, 6.5, 4.6, 10.8]
12.3
[27.0, 7.6, 3.1, 15.4]
12.1
[31.2, 6.2, 7.8, 15.6]
12.1
[25.8, 8.1, 9.1, 15.2]

10.8
[23.1, 9.2, 6.2, 12.3]
14.1
[25.0, 7.8, 7.8, 14.1]
15.6
[28.1, 7.8, 7.8, 13.6]
12.5
[18.5, 3.0, 5.0, 12.0]
9.0
[9.4, 3.1, 0.0, 10.9]
10.8
[8.3, 0.0, 1.5, 6.1]
7.5
[14.7, 6.8, 4.5, 5.9]
14.1
[31.2, 7.8, 7.8, 15.6]
9.9
[31.7, 12.5, 6.2, 23.4]
11.9
[26.6, 6.2, 3.1, 15.6]
10.9
[19.4, 4.5, 6.0, 7.5]
14.5
[28.1, 1.6, 7.9, 15.9]
11.3
[26.5, 10.8, 3.1, 15.4]
12.5
[23.4, 6.2, 3.1, 15.6]
14.1
[27.7, 9.2, 7.7, 13.8]
11.9
[30.2, 6.2, 0.0, 15.6]
10.5
[25.0, 10.9, 7.8, 12.5]
14.1
[22.2, 3.1, 7.8, 6.2]
10.1
[25.0, 6.2, 6.2, 9.8]
15.7
[26.7, 3.1, 4.7, 10.9]
14.9
[26.9, 4.6, 3.3, 11.5]
14.9
[28.6, 12.5, 6.2, 15.6]
11.9
[26.6, 4.7, 4.7, 9.4]
11.2
[26.9, 10.0, 3.3, 15.0]
14.4
[25.0, 7.8, 3.1, 6.2]
14.6
[25.0, 6.2, 1.6, 15.6]
10.7
[28.6, 11.1, 7.9, 7.9]
14.8
[24.2, 6.1, 3.0, 7.6]
12.7
[23.8, 10.9, 6.2, 9.4]
14.8
[26.6, 12.7, 7.9, 9.5]
11.6
[28.6, 14.3, 4.8, 9.5]
13.1
[26.6, 10.9, 7.8, 12.5]
14.6
[29.7, 10.9, 7.8, 12.5]
10.7
[25.8, 6.3, 9.5, 11.1]
12.3
[27.0, 11.1, 9.5, 14.3]
13.5
[14.1, 4.5, 5.7, 12.5]

23.3
[26.1, 12.5, 4.7, 18.8]
11.7
[25.4, 7.9, 4.8, 16.4]
15.2
[27.0, 12.5, 7.8, 9.4]
14.2
[25.0, 7.4, 5.9, 16.2]
12.8
[26.8, 7.8, 10.9, 14.1]
13.3
[26.2, 3.1, 1.5, 12.3]
14.9
[26.9, 7.2, 7.8, 8.3]
12.2
[28.1, 6.2, 3.1, 10.9]
15.2
[23.4, 9.4, 4.7, 15.6]
10.5
[29.0, 6.2, 6.2, 11.1]
13.5
[25.4, 11.6, 0.0, 14.1]
11.2
[23.1, 8.5, 1.5, 13.8]
14.7
[23.8, 4.7, 4.7, 12.5]
11.3
[20.6, 4.4, 1.6, 10.3]
4.9
[7.7, 3.1, 3.1, 3.1]
10.0
[10.3, 0.0, 1.6, 5.9]
7.9
[12.1, 4.2, 1.4, 9.1]
13.0
[28.6, 7.6, 4.8, 7.9]
13.8
[26.6, 6.2, 4.7, 10.9]
11.8
[29.0, 1.6, 3.2, 11.1]
11.7
[30.3, 4.5, 7.5, 9.0]
17.6
[26.6, 6.2, 1.6, 18.8]
13.5
[23.9, 10.5, 3.0, 4.5]
11.3
[27.9, 5.9, 4.5, 11.9]
12.2
[29.7, 7.5, 6.0, 13.6]
10.5
[26.2, 12.3, 1.5, 9.2]
11.9
[26.6, 9.4, 7.8, 12.5]
13.5
[25.4, 4.7, 3.1, 6.2]
10.9
[25.0, 14.1, 6.2, 10.9]
17.3
[29.2, 1.5, 4.6, 9.2]
12.9
[25.0, 6.2, 4.7, 9.4]
11.5
[25.0, 4.7, 6.2, 20.3]
13.3
[23.5, 6.0, 6.0, 14.9]
9.5
[29.2, 9.2, 7.7, 13.8]
11.9
[34.4, 15.6, 6.2, 21.9]
10.8
[31.2, 8.1, 1.6, 6.2]

26.6
[24.2, 6.1, 4.5, 15.2]
13.1
[24.2, 4.7, 7.8, 14.1]
11.0
[29.5, 4.7, 1.6, 9.4]
12.2
[21.4, 1.5, 1.6, 13.2]
15.7
[28.6, 10.9, 6.2, 14.1]
13.7
[23.9, 9.8, 5.9, 8.8]
13.8
[29.4, 7.4, 5.9, 10.3]
14.3
[25.4, 9.5, 4.8, 12.7]
12.9
[26.6, 7.8, 6.2, 7.8]
11.4
[28.6, 7.9, 7.9, 14.3]
14.8
[27.1, 12.5, 4.7, 9.4]
13.9
[26.8, 7.8, 1.6, 12.5]
15.3
[28.6, 9.1, 4.6, 15.4]
18.6
[26.6, 9.2, 4.6, 16.9]
14.1
[23.1, 10.8, 3.1, 9.2]
12.2
[23.1, 10.9, 1.6, 12.5]
11.0
[29.7, 9.2, 9.4, 16.2]
14.8
[24.7, 11.9, 4.5, 14.9]
13.5
[23.8, 9.5, 4.8, 11.1]
9.8
[21.9, 7.5, 5.9, 13.2]
13.0
[29.2, 12.7, 6.3, 11.1]
12.9
[30.3, 10.8, 1.5, 13.8]
13.9
[26.9, 9.1, 6.1, 11.8]
12.2
[21.2, 2.9, 3.0, 13.6]
6.2
[22.0, 7.5, 6.2, 13.6]
2.3
[23.9, 7.4, 5.5, 7.2]
7.3
[14.3, 7.4, 3.6, 1.6]
11.2
[26.6, 7.8, 9.4, 17.2]
17.6
[20.0, 3.1, 0.0, 7.7]
13.5
[23.9, 13.4, 4.5, 9.0]
12.9
[21.9, 4.7, 3.1, 11.1]
13.8
[28.8, 10.6, 4.5, 10.6]
14.2
[25.8, 9.5, 6.3, 17.5]
16.0
[28.6, 12.5, 7.8, 12.5]
12.6
[29.2, 10.8, 6.2, 12.3]
9.4
[26.6, 12.5, 3.1, 10.9]
