
20.6
[25.8, 4.7, 3.1, 9.4]
11.6
[24.6, 2.9, 0.0, 10.8]
11.5
[26.2, 4.6, 1.5, 9.2]
9.3
[31.2, 6.2, 0.0, 18.8]
7.5
[22.7, 9.7, 0.0, 3.0]
10.7
[29.7, 0.0, 0.0, 15.6]
10.5
[24.6, 12.3, 1.5, 0.0]
9.4
[25.0, 10.9, 1.6, 0.0]
10.2
[20.3, 12.5, 1.6, 0.0]
11.7
[25.8, 9.1, 1.5, 6.1]
11.5
[19.7, 0.0, 0.0, 9.2]
11.9
[25.0, 0.0, 0.0, 16.7]
9.8
[7.5, 0.0, 0.0, 3.0]
6.2
[4.4, 1.6, 0.0, 0.0]

9.8
[29.7, 0.0, 3.1, 17.2]
12.6
[23.8, 4.8, 1.6, 5.4]
9.8
[29.4, 8.8, 1.5, 13.2]
6.7
[32.8, 16.9, 3.1, 1.5]
10.5
[26.1, 2.8, 1.5, 10.3]
10.2
[30.2, 3.2, 1.6, 11.1]
10.8
[21.9, 4.7, 1.6, 6.2]
11.3
[27.0, 7.8, 1.6, 9.4]
12.9
[34.9, 3.1, 0.0, 9.4]
8.9
[29.3, 4.6, 4.6, 13.8]
12.2
[23.8, 0.0, 0.0, 15.9]
9.5
[27.9, 3.0, 1.5, 12.1]

2.1
[53.1, 20.3, 1.6, 0.0]
9.1
[32.8, 1.6, 1.6, 18.8]
9.5
[30.0, 10.6, 0.0, 6.1]
11.7
[28.1, 2.3, 3.1, 15.6]
14.3
[31.1, 21.9, 1.5, 0.0]
11.2
[27.7, 5.7, 0.0, 9.2]
9.1
[20.3, 0.0, 0.0, 14.1]
9.2
[23.8, 6.3, 0.0, 7.9]
9.8
[22.1, 5.8, 3.0, 7.5]
11.7
[23.9, 4.6, 0.0, 6.0]
12.4
[31.3, 8.3, 3.0, 3.0]
8.0
[28.1, 12.5, 1.6, 7.8]

12.2
[30.8, 0.0, 0.0, 10.8]
11.9
[26.6, 0.0, 1.5, 12.1]
11.0
[33.3, 20.3, 1.6, 1.6]
8.7
[30.3, 1.5, 3.0, 13.6]
9.4
[24.6, 7.7, 0.0, 3.3]
13.1
[25.0, 0.0, 0.0, 21.5]
13.5
[22.5, 4.4, 1.5, 4.4]
11.9
[26.2, 9.2, 0.0, 3.6]
12.5
[25.4, 6.0, 0.0, 11.9]
10.6
[33.3, 9.1, 0.0, 10.6]
11.3
[30.6, 12.3, 1.6, 3.1]

19.4
[26.6, 12.5, 1.6, 0.0]
8.6
[27.4, 4.7, 3.1, 9.4]
10.7
[26.6, 15.6, 0.0, 0.0]
13.0
[29.2, 0.0, 1.6, 17.2]
11.7
[28.1, 0.0, 0.0, 14.1]
9.8
[24.6, 4.3, 0.0, 8.8]
10.9
[25.4, 12.7, 2.9, 1.5]
7.4
[29.4, 0.0, 0.0, 17.6]
9.7
[28.4, 0.0, 0.0, 17.6]
9.4
[25.0, 10.9, 0.0, 3.1]
11.9
[25.0, 19.7, 0.0, 2.8]
9.5
[23.5, 14.9, 0.0, 0.0]
