
12.3
[29.7, 2.6, 0.0, 15.5]
12.2
[26.6, 12.7, 0.0, 7.8]
12.8
[32.8, 4.3, 3.0, 16.4]
10.6
[23.9, 4.5, 1.5, 10.3]
12.6
[26.6, 7.8, 1.6, 6.1]

14.6
[30.8, 3.1, 1.6, 18.0]
12.6
[28.8, 1.5, 0.0, 17.7]
11.4
[31.2, 6.2, 1.6, 7.8]
9.7
[25.0, 0.0, 3.1, 18.8]
9.9
[27.0, 1.5, 1.5, 21.5]

3.3
[52.2, 14.9, 2.9, 13.4]
11.0
[23.5, 11.5, 0.0, 0.0]
11.5
[32.3, 0.0, 1.5, 21.2]
11.2
[23.9, 11.9, 3.0, 0.0]
11.2
[31.3, 12.5, 1.6, 4.7]
9.0
[29.2, 5.3, 0.0, 18.5]

8.3
[48.4, 14.7, 0.0, 17.4]
10.2
[29.7, 4.7, 0.0, 9.0]
11.2
[25.4, 6.0, 0.0, 3.1]
9.8
[32.8, 7.8, 0.0, 1.7]
9.6
[28.6, 13.1, 1.6, 4.8]
9.3
[31.2, 4.7, 4.7, 14.1]

11.4
[25.0, 4.7, 0.0, 7.8]
10.1
[27.7, 16.7, 0.0, 0.0]
10.9
[25.0, 4.8, 0.0, 15.6]
12.3
[26.9, 9.0, 0.0, 6.0]
14.8
[29.2, 6.2, 0.0, 13.8]
