
13.7
[25.0, 0.0, 1.6, 17.2]
11.8
[28.1, 9.8, 1.5, 3.1]
11.2
[23.4, 10.9, 1.6, 7.7]
9.3
[28.1, 1.5, 0.0, 12.5]
10.9
[28.6, 8.6, 0.0, 0.0]
4.1
[14.1, 0.0, 0.0, 7.5]
4.7
[11.9, 2.8, 1.5, 0.0]
4.9
[29.7, 6.2, 0.0, 9.3]
9.6
[21.9, 7.9, 0.0, 5.5]
10.5
[30.8, 20.0, 0.0, 0.0]
11.3
[28.1, 17.2, 6.2, 0.0]
10.6
[32.8, 8.0, 1.6, 4.7]
9.4
[27.8, 0.0, 0.0, 17.6]
9.7
[28.1, 6.3, 1.6, 7.8]
9.4
[30.3, 1.4, 0.0, 16.4]
11.4
[28.1, 6.2, 0.0, 0.0]
11.8
[29.0, 4.7, 0.0, 10.9]
11.5
[27.7, 12.3, 3.1, 4.6]
10.5
[9.0, 3.3, 0.0, 6.1]

4.3
[50.0, 16.9, 7.6, 4.5]
11.3
[26.9, 11.9, 1.5, 0.0]
15.5
[22.4, 6.1, 3.0, 4.3]
13.0
[29.5, 3.0, 0.0, 10.9]
10.8
[27.7, 4.3, 0.0, 7.7]
14.3
[30.8, 1.6, 0.0, 15.6]
12.0
[32.8, 4.7, 0.0, 7.8]
11.7
[28.1, 4.7, 0.0, 17.2]
11.1
[26.9, 17.9, 0.0, 2.6]
11.1
[22.4, 7.5, 0.0, 7.1]
11.7
[30.3, 1.3, 3.0, 19.7]
10.4
[30.3, 4.5, 0.0, 6.1]
11.2
[32.8, 6.2, 1.5, 2.9]
12.7
[25.0, 9.4, 0.0, 0.0]
11.7
[34.3, 6.0, 0.0, 9.0]
10.4
[26.6, 2.9, 0.0, 9.4]
11.2
[31.7, 1.6, 0.0, 18.6]
14.5
[13.8, 0.0, 0.0, 9.2]

12.1
[23.4, 3.1, 0.0, 9.4]
9.8
[22.6, 10.9, 1.6, 3.1]
10.9
[25.8, 6.1, 3.0, 6.1]
9.1
[21.9, 0.0, 0.0, 15.6]
10.5
[27.0, 0.0, 1.6, 14.1]
10.5
[28.1, 1.6, 1.6, 10.9]
12.5
[24.2, 8.8, 0.0, 5.2]
12.1
[18.8, 0.0, 0.0, 16.4]
11.6
[14.9, 7.5, 0.0, 1.3]
9.5
[25.4, 1.6, 0.0, 16.4]
10.7
[28.8, 1.5, 1.5, 10.8]
9.8
[30.2, 0.0, 3.0, 13.4]
12.4
[21.5, 3.3, 0.0, 3.1]
8.5
[24.6, 13.8, 3.1, 0.0]
5.6
[19.7, 11.4, 0.0, 2.8]
10.4
[28.6, 4.8, 1.6, 7.9]
10.2
[26.2, 20.0, 1.5, 0.0]
10.0
[23.3, 5.5, 1.7, 8.8]
4.7
[19.4, 1.5, 4.9, 14.8]
6.2
[20.6, 4.4, 1.5, 5.9]

10.3
[25.0, 0.0, 0.0, 20.6]
11.0
[16.4, 11.9, 1.5, 0.0]
11.7
[23.4, 1.6, 0.0, 14.1]
7.7
[26.6, 4.7, 0.0, 11.9]
10.2
[27.0, 14.3, 0.0, 0.0]
11.3
[24.6, 4.6, 0.0, 9.3]
9.0
[22.2, 10.8, 1.5, 3.1]
8.8
[28.6, 2.9, 1.6, 12.5]
9.1
[27.9, 0.0, 0.0, 8.8]
9.3
[25.0, 1.6, 1.6, 13.0]
8.7
[25.8, 4.6, 1.5, 8.0]
10.4
[26.5, 19.1, 0.0, 0.0]
8.0
[24.6, 3.1, 0.0, 15.4]
11.4
[24.2, 12.5, 0.0, 0.0]
10.4
[21.7, 10.3, 0.0, 0.0]
9.5
[27.5, 0.0, 0.0, 18.2]
10.3
[25.0, 15.6, 1.6, 1.1]
10.6
[24.6, 1.5, 1.5, 12.3]
8.1
[28.1, 0.0, 0.0, 16.7]

8.4
[41.2, 16.2, 6.0, 4.4]
8.4
[20.6, 3.0, 1.5, 10.9]
9.4
[6.2, 4.6, 0.0, 0.0]
2.1
[20.5, 6.2, 1.2, 0.0]
9.8
[6.2, 5.3, 0.0, 0.0]
5.4
[28.1, 6.2, 3.1, 5.7]
9.5
[25.4, 10.9, 1.6, 0.0]
8.6
[23.1, 4.7, 3.1, 7.7]
10.3
[24.6, 1.5, 0.0, 9.2]
10.7
[22.2, 3.9, 0.0, 13.3]
12.9
[23.4, 20.3, 1.6, 0.0]
10.8
[31.2, 4.7, 0.0, 2.9]
9.2
[25.0, 0.0, 0.0, 17.2]
8.3
[26.1, 11.9, 1.6, 3.1]
10.2
[29.0, 0.0, 0.0, 19.7]
8.7
[19.7, 0.0, 0.0, 16.7]
8.6
[16.4, 9.5, 0.0, 0.0]
7.7
[20.3, 4.5, 0.0, 6.0]
9.8
[25.4, 0.0, 3.2, 14.3]
8.2
[19.0, 7.8, 0.0, 3.1]
10.9
[24.6, 3.0, 1.5, 6.2]
9.9
[21.9, 12.5, 3.1, 0.0]
